sigma = [0 20 40 60 80 100];
eps = [1.2866851,0.83195239,0.75403678,0.76871312,0.78352273,0.82567573,0.79593629;0.75502306,0.69113982,0.64514244,0.63895190,0.65898395,0.69394422,0.76168072;0.70903528,0.64031821,0.61414683,0.62708265,0.66560763,0.72436786,0.81887794;0.72021419,0.65710622,0.63308901,0.64886218,0.69082391,0.74486941,0.83698243;0.74574667,0.67973244,0.64954913,0.66504753,0.71074980,0.76492923,0.84832251;0.86645073,0.78570187,0.73208374,0.74046767,0.80156583,0.86706525,0.93525851];
delta = [0.0032470303,-0.010217149,0.0093823327,-0.0034305411,0.026054645,0.021202674,0.047630377;-0.025144335,0.029154917,0.048320856,0.031480696,0.028465059,0.028223759,0.019424727;-0.077980042,-0.0024865824,0.050651770,0.057901703,0.050467499,0.018370062,-0.026441034;-0.087969236,-0.013717513,0.044069648,0.061074022,0.060305547,0.032100040,-0.0028182196;-0.080556668,-0.016310135,0.037709396,0.055749081,0.059772976,0.041148268,0.019360926;-0.084295847,-0.047261227,-0.0087725567,0.0098005030,0.025278479,0.030061731,0.040308181];
