sigma = [0 20 40 60 80 100];
eps = [0.54743409,0.57329822,0.58554029,0.60142469,0.64950126,0.64238775,0.68781751;0.51125777,0.50664449,0.53252620,0.54851192,0.56842995,0.60944265,0.72017872;0.55586296,0.52885389,0.52976388,0.53710294,0.57145953,0.61663580,0.71444082;0.58662635,0.55938739,0.55507267,0.56653202,0.60775280,0.66309148,0.76029253;0.62274641,0.59379560,0.58646023,0.59894532,0.64253527,0.69666326,0.78808516;0.84340483,0.75679666,0.68805337,0.67482859,0.72128719,0.79599977,0.87319416];
delta = [0.020947136,0.022921830,0.019938184,0.012522294,-0.0047142543,-0.0073907874,-0.024847897;0.012419914,0.037769191,0.034619194,0.016045192,0.016885217,0.0067476290,-0.050571274;-0.042113587,0.026392002,0.078207850,0.093380898,0.078765564,0.014111244,-0.087988526;-0.048982073,0.020538846,0.073954329,0.090224989,0.081556179,0.026861161,-0.069084853;-0.043419342,0.021257650,0.072025143,0.087123021,0.081749626,0.036318935,-0.040033728;-0.064705610,-0.028340098,0.0094531858,0.027690683,0.042889014,0.047585845,0.057647172];