sigma = [0 10 20 30 40 100];
eps = [0.935 0.798 0.761 0.735 0.761 0.815 0.857 ;
     0.843 0.76 0.7 0.688 0.7 0.752 0.823;
     0.71 0.722 0.69 0.67 0.68 0.72 0.767;
     0.758 0.706 0.679 0.665 0.678 0.72 0.782;
     0.7577 0.71 0.69 0.68 0.69 0.7234 0.782;
     0.8625 0.791 0.7416 0.717 0.744 0.8 0.854];
 
delta = [ -0.194 -0.214 -0.2 -0.245 -0.237 -0.265 -0.286;
     -0.2 -0.22 -0.197 -0.255 -0.248 -0.264 -0.278;
     -0.1735 -0.2 -0.22 -0.234 -0.256 -0.277 -0.283;
     -0.148 -0.195 -0.231 -0.239 -0.253 -0.266 -0.258;
     -0.125 -0.19 -0.24 -0.252 -0.257 -0.258 -0.24;
     -0.119 -0.1605 -0.2 -0.225 -0.244 -0.264 -0.279];
